function largestOfFour(arr) {
  arr.map(Function.apply.bind(Math.max, null));
  console.log(arr);
  return arr;
}

largestOfFour([[4, 5, 1, 3], [13, 27, 18, 26], [32, 35, 37, 39], [1000, 1001, 857, 1]]);
largestOfFour([[13, 27, 18, 26], [4, 5, 1, 3], [32, 35, 37, 39], [1000, 1001, 857, 1]]);